0 0.098394 0.761194 0.108434 0.101493
0 0.570281 0.828358 0.204819 0.194030
0 0.570281 0.502985 0.188755 0.098507
0 0.642570 0.411940 0.124498 0.047761
0 0.396586 0.431343 0.082329 0.044776
0 0.537149 0.380597 0.114458 0.062687
0 0.658635 0.337313 0.100402 0.035821
0 0.558233 0.331343 0.048193 0.035821
0 0.475904 0.335821 0.072289 0.038806
0 0.354418 0.353731 0.078313 0.020896
0 0.312249 0.395522 0.054217 0.026866
0 0.399598 0.385075 0.080321 0.029851
0 0.595382 0.305970 0.082329 0.026866
0 0.560241 0.286567 0.076305 0.023881
0 0.410643 0.297015 0.054217 0.038806
0 0.452811 0.262687 0.046185 0.017910
0 0.557229 0.264179 0.034137 0.014925
0 0.608434 0.243284 0.056225 0.026866
0 0.678715 0.240299 0.048193 0.008955
0 0.643574 0.222388 0.042169 0.020896
0 0.610442 0.197015 0.060241 0.017910
0 0.529116 0.228358 0.050201 0.026866
0 0.548193 0.186567 0.024096 0.020896
0 0.473896 0.222388 0.036145 0.020896
0 0.621486 0.183582 0.038153 0.008955
