0 0.480000 0.571038 0.116364 0.081967
0 0.581818 0.418033 0.072727 0.114754
0 0.512727 0.303279 0.087273 0.071038
0 0.589091 0.210383 0.050909 0.060109
0 0.521818 0.158470 0.040000 0.032787
0 0.463636 0.415301 0.040000 0.032787
0 0.478182 0.379781 0.040000 0.027322
0 0.772727 0.775956 0.090909 0.163934
0 0.800000 0.901639 0.080000 0.043716
0 0.741818 0.606557 0.072727 0.142077
0 0.703636 0.423497 0.047273 0.071038
0 0.689091 0.366120 0.054545 0.054645
0 0.676364 0.295082 0.087273 0.065574
0 0.658182 0.234973 0.043636 0.054645
