0 0.501923 0.889175 0.196154 0.201031
0 0.744231 0.724227 0.134615 0.118557
0 0.834615 0.536082 0.153846 0.072165
0 0.971154 0.711340 0.057692 0.072165
0 0.521154 0.551546 0.057692 0.041237
0 0.342308 0.530928 0.107692 0.082474
0 0.521154 0.476804 0.119231 0.056701
0 0.825000 0.422680 0.103846 0.051546
0 0.694231 0.306701 0.119231 0.056701
0 0.459615 0.368557 0.042308 0.025773
0 0.409615 0.319588 0.088462 0.030928
0 0.421154 0.288660 0.080769 0.030928
0 0.542308 0.213918 0.069231 0.036082
0 0.328846 0.262887 0.057692 0.030928
0 0.288462 0.216495 0.084615 0.020619
0 0.426923 0.170103 0.215385 0.041237
0 0.259615 0.154639 0.057692 0.020619
0 0.250000 0.123711 0.053846 0.020619
0 0.394231 0.103093 0.050000 0.020619
0 0.707692 0.231959 0.207692 0.072165
0 0.884615 0.306701 0.176923 0.128866
