0 0.618182 0.907104 0.160000 0.142077
0 0.861818 0.745902 0.247273 0.278689
0 0.516364 0.655738 0.203636 0.196721
0 0.209091 0.590164 0.389091 0.207650
0 0.530909 0.502732 0.130909 0.120219
0 0.660000 0.614754 0.127273 0.092896
0 0.767273 0.540984 0.109091 0.087432
0 0.889091 0.576503 0.112727 0.114754
0 0.887273 0.469945 0.109091 0.120219
0 0.925455 0.371585 0.076364 0.098361
0 0.678182 0.426230 0.170909 0.109290
0 0.456364 0.377049 0.134545 0.043716
0 0.412727 0.418033 0.112727 0.060109
0 0.558182 0.292350 0.120000 0.060109
0 0.552727 0.338798 0.080000 0.043716
0 0.378182 0.275956 0.174545 0.071038
0 0.423636 0.221311 0.156364 0.071038
0 0.163636 0.308743 0.145455 0.049180
0 0.167273 0.401639 0.087273 0.038251
0 0.221818 0.254098 0.101818 0.049180
0 0.150909 0.204918 0.069091 0.027322
0 0.423636 0.158470 0.236364 0.087432
0 0.469091 0.106557 0.109091 0.049180
0 0.185455 0.147541 0.138182 0.065574
0 0.120000 0.084699 0.123636 0.038251
0 0.225455 0.087432 0.058182 0.043716
0 0.369091 0.087432 0.083636 0.065574
0 0.560000 0.180328 0.058182 0.043716
