0 0.206667 0.511905 0.160000 0.083333
0 0.481667 0.720238 0.303333 0.559524
0 0.878333 0.627976 0.083333 0.422619
0 0.681667 0.488095 0.076667 0.107143
0 0.333333 0.375000 0.160000 0.095238
0 0.466667 0.211310 0.146667 0.101190
0 0.461667 0.113095 0.170000 0.095238
0 0.275000 0.297619 0.076667 0.035714
0 0.140000 0.339286 0.073333 0.035714
0 0.146667 0.255952 0.133333 0.035714
0 0.021667 0.625000 0.036667 0.071429
0 0.671667 0.098214 0.090000 0.029762
0 0.675000 0.133929 0.076667 0.041667
0 0.810000 0.279762 0.193333 0.107143
0 0.751667 0.044643 0.130000 0.029762
0 0.585000 0.059524 0.076667 0.023810
0 0.553333 0.038690 0.040000 0.017857
0 0.530000 0.023810 0.073333 0.023810
0 0.096667 0.169643 0.186667 0.101190
0 0.276667 0.660714 0.060000 0.071429
0 0.860000 0.157738 0.060000 0.125000
