0 0.530888 0.863402 0.328185 0.180412
0 0.880309 0.721649 0.223938 0.082474
0 0.795367 0.623711 0.108108 0.061856
0 0.254826 0.646907 0.169884 0.046392
0 0.175676 0.765464 0.158301 0.097938
0 0.308880 0.530928 0.115830 0.041237
0 0.123552 0.932990 0.231660 0.134021
0 0.480695 0.492268 0.119691 0.046392
0 0.376448 0.438144 0.189189 0.041237
0 0.959459 0.886598 0.081081 0.164948
0 0.442085 0.402062 0.065637 0.020619
0 0.482625 0.319588 0.092664 0.030928
0 0.777992 0.409794 0.065637 0.025773
0 0.776062 0.448454 0.108108 0.020619
