0 0.578853 0.754144 0.641577 0.138122
0 0.365591 0.640884 0.129032 0.044199
0 0.808244 0.602210 0.154122 0.055249
0 0.892473 0.950276 0.129032 0.066298
0 0.146953 0.701657 0.121864 0.055249
0 0.351254 0.541436 0.186380 0.044199
0 0.324373 0.593923 0.111111 0.049724
0 0.179211 0.593923 0.078853 0.049724
0 0.659498 0.665746 0.071685 0.038674
0 0.802867 0.685083 0.086022 0.055249
0 0.652330 0.624309 0.057348 0.022099
0 0.949821 0.665746 0.100358 0.038674
0 0.971326 0.726519 0.057348 0.038674
0 0.777778 0.870166 0.301075 0.060773
0 0.324373 0.466851 0.175627 0.038674
0 0.272401 0.425414 0.107527 0.033149
0 0.869176 0.497238 0.175627 0.077348
0 0.734767 0.535912 0.078853 0.044199
0 0.616487 0.519337 0.064516 0.022099
0 0.632616 0.566298 0.060932 0.016575
0 0.928315 0.406077 0.107527 0.038674
0 0.792115 0.328729 0.129032 0.038674
0 0.620072 0.276243 0.143369 0.044199
0 0.958781 0.290055 0.082437 0.038674
0 0.510753 0.447514 0.089606 0.033149
0 0.544803 0.511050 0.057348 0.038674
0 0.422939 0.383978 0.107527 0.038674
0 0.455197 0.339779 0.064516 0.027624
0 0.216846 0.386740 0.060932 0.022099
0 0.073477 0.936464 0.139785 0.127072
