0 0.323636 0.926230 0.189091 0.114754
0 0.832727 0.879781 0.152727 0.120219
0 0.692727 0.734973 0.207273 0.071038
0 0.958182 0.759563 0.083636 0.087432
0 0.898182 0.565574 0.094545 0.060109
0 0.810909 0.587432 0.080000 0.071038
0 0.438182 0.483607 0.120000 0.060109
0 0.396364 0.521858 0.058182 0.027322
0 0.463636 0.521858 0.054545 0.027322
0 0.110909 0.778689 0.083636 0.060109
0 0.116364 0.863388 0.094545 0.087432
0 0.085455 0.939891 0.098182 0.043716
0 0.589091 0.464481 0.072727 0.032787
0 0.683636 0.448087 0.072727 0.043716
0 0.640000 0.387978 0.072727 0.043716
0 0.558182 0.390710 0.069091 0.038251
0 0.483636 0.341530 0.050909 0.027322
0 0.581818 0.322404 0.072727 0.032787
0 0.327273 0.297814 0.080000 0.038251
0 0.327273 0.404372 0.123636 0.032787
0 0.243636 0.532787 0.087273 0.038251
0 0.225455 0.491803 0.130909 0.032787
0 0.216364 0.456284 0.076364 0.038251
0 0.096364 0.423497 0.185455 0.060109
0 0.198182 0.237705 0.090909 0.038251
0 0.069091 0.308743 0.109091 0.103825
0 0.070909 0.215847 0.127273 0.038251
0 0.183636 0.196721 0.083636 0.032787
0 0.081818 0.685792 0.149091 0.103825
0 0.101818 0.530055 0.080000 0.109290
0 0.640000 0.612022 0.116364 0.065574
0 0.350909 0.540984 0.098182 0.054645
