0 0.5466666666666666 0.058161350844277676 0.07333333333333333 0.1125703564727955
0 0.5633333333333334 0.3677298311444653 0.04666666666666667 0.0525328330206379
0 0.7533333333333333 0.575984990619137 0.06333333333333334 0.08630393996247655
0 0.69 0.6679174484052532 0.03666666666666667 0.09193245778611632
0 0.6333333333333333 0.626641651031895 0.03333333333333333 0.054409005628517824
0 0.6966666666666667 0.5290806754221389 0.03666666666666667 0.0525328330206379
0 0.43333333333333335 0.49530956848030017 0.07 0.08818011257035648
0 0.3433333333333333 0.4071294559099437 0.11333333333333333 0.16135084427767354
0 0.47 0.6228893058161351 0.03666666666666667 0.04690431519699812
0 0.34 0.6791744840525328 0.09333333333333334 0.2026266416510319
0 0.15 0.699812382739212 0.19 0.17823639774859287
0 0.46 0.7504690431519699 0.10333333333333333 0.12382739212007504
