0 0.05628517823639775 0.4533333333333333 0.11069418386491557 0.07
0 0.36585365853658536 0.43666666666666665 0.05065666041275797 0.043333333333333335
0 0.574108818011257 0.24666666666666667 0.08442776735459662 0.06
0 0.6679174484052532 0.31 0.0900562851782364 0.03333333333333333
0 0.626641651031895 0.36666666666666664 0.0525328330206379 0.03
0 0.5272045028142589 0.30333333333333334 0.05065666041275797 0.03333333333333333
0 0.49530956848030017 0.5666666666666667 0.08630393996247655 0.06666666666666667
0 0.4052532833020638 0.6566666666666666 0.15947467166979362 0.11
0 0.6228893058161351 0.53 0.0450281425891182 0.03333333333333333
0 0.6772983114446529 0.66 0.20075046904315197 0.09
0 0.699812382739212 0.85 0.17636022514071295 0.18666666666666668
0 0.7485928705440901 0.54 0.12195121951219512 0.1
