0 0.9418386491557224 0.45666666666666667 0.1125703564727955 0.07333333333333333
0 0.6322701688555347 0.44 0.0525328330206379 0.04666666666666667
0 0.42401500938086306 0.24666666666666667 0.08630393996247655 0.06333333333333334
0 0.3302063789868668 0.31 0.09193245778611632 0.03666666666666667
0 0.3714821763602251 0.37 0.054409005628517824 0.03333333333333333
0 0.4709193245778612 0.30333333333333334 0.0525328330206379 0.03666666666666667
0 0.5028142589118199 0.5666666666666667 0.08818011257035648 0.07
0 0.5928705440900562 0.66 0.16135084427767354 0.11333333333333333
0 0.37523452157598497 0.53 0.04690431519699812 0.03666666666666667
0 0.32082551594746717 0.6633333333333333 0.2026266416510319 0.09333333333333334
0 0.29831144465290804 0.85 0.17823639774859287 0.19
0 0.24953095684803 0.54 0.12382739212007504 0.10333333333333333
