0 0.5088888888888888 0.29 0.08444444444444445 0.08
0 0.5866666666666667 0.21333333333333335 0.04888888888888889 0.05333333333333334
0 0.5755555555555556 0.42 0.07333333333333333 0.1
0 0.4711111111111111 0.56 0.1 0.05333333333333334
0 0.4955555555555556 0.5133333333333333 0.07111111111111111 0.03
0 0.7355555555555555 0.62 0.05555555555555555 0.11333333333333333
0 0.7733333333333333 0.78 0.08666666666666667 0.15
0 0.6977777777777778 0.4166666666666667 0.044444444444444446 0.07
0 0.6644444444444444 0.2866666666666667 0.057777777777777775 0.08
0 0.47333333333333333 0.37666666666666665 0.04 0.03
0 0.46444444444444444 0.41333333333333333 0.04 0.02
0 0.4888888888888889 0.34 0.028888888888888888 0.023333333333333334
0 0.5244444444444445 0.16333333333333333 0.035555555555555556 0.023333333333333334
