0 0.4888888888888889 0.29 0.08666666666666667 0.08333333333333333
0 0.4111111111111111 0.21333333333333335 0.051111111111111114 0.056666666666666664
0 0.4222222222222222 0.42 0.07555555555555556 0.10333333333333333
0 0.5266666666666666 0.56 0.10222222222222223 0.056666666666666664
0 0.5022222222222222 0.5166666666666667 0.07333333333333333 0.03333333333333333
0 0.26222222222222225 0.62 0.057777777777777775 0.11666666666666667
0 0.22444444444444445 0.7833333333333333 0.08888888888888889 0.15333333333333332
0 0.3 0.42 0.04666666666666667 0.07333333333333333
0 0.3333333333333333 0.2866666666666667 0.06 0.08333333333333333
0 0.5244444444444445 0.38 0.042222222222222223 0.03333333333333333
0 0.5333333333333333 0.41333333333333333 0.042222222222222223 0.023333333333333334
0 0.5088888888888888 0.3433333333333333 0.03111111111111111 0.02666666666666667
0 0.47333333333333333 0.16666666666666666 0.03777777777777778 0.02666666666666667
