0 0.71 0.5088888888888888 0.08333333333333333 0.08666666666666667
0 0.7866666666666666 0.5866666666666667 0.056666666666666664 0.051111111111111114
0 0.58 0.5777777777777777 0.10333333333333333 0.07555555555555556
0 0.44 0.47333333333333333 0.056666666666666664 0.10222222222222223
0 0.4866666666666667 0.4955555555555556 0.03333333333333333 0.07333333333333333
0 0.38 0.7377777777777778 0.11666666666666667 0.057777777777777775
0 0.22 0.7755555555555556 0.15333333333333332 0.08888888888888889
0 0.5833333333333334 0.6977777777777778 0.07333333333333333 0.04666666666666667
0 0.7133333333333334 0.6644444444444444 0.08333333333333333 0.06
0 0.6233333333333333 0.47333333333333333 0.03333333333333333 0.042222222222222223
0 0.5866666666666667 0.46444444444444444 0.023333333333333334 0.042222222222222223
0 0.66 0.4911111111111111 0.02666666666666667 0.03111111111111111
0 0.8366666666666667 0.5244444444444445 0.02666666666666667 0.03777777777777778
