0 0.7941834451901566 0.5166666666666667 0.06263982102908278 0.056666666666666664
0 0.6196868008948546 0.6433333333333333 0.25279642058165547 0.07666666666666666
0 0.12304250559284116 0.37 0.23937360178970918 0.29333333333333333
0 0.05145413870246085 0.10666666666666667 0.1029082774049217 0.21333333333333335
0 0.5592841163310962 0.15333333333333332 0.37360178970917224 0.27
0 0.7583892617449665 0.31 0.08053691275167785 0.07666666666666666
0 0.5234899328859061 0.46 0.1297539149888143 0.08333333333333333
0 0.3870246085011186 0.37333333333333335 0.06263982102908278 0.043333333333333335
0 0.3378076062639821 0.5833333333333334 0.06263982102908278 0.04666666666666667
0 0.7024608501118568 0.55 0.11409395973154363 0.07
0 0.7203579418344519 0.47333333333333333 0.049217002237136466 0.03666666666666667
0 0.8366890380313199 0.38666666666666666 0.058165548098434 0.06
0 0.7986577181208053 0.22333333333333333 0.06263982102908278 0.06333333333333334
0 0.3825503355704698 0.68 0.17225950782997762 0.04666666666666667
