0 0.2058165548098434 0.5166666666666667 0.06263982102908278 0.056666666666666664
0 0.378076062639821 0.6433333333333333 0.25279642058165547 0.07666666666666666
0 0.8747203579418344 0.37 0.23937360178970918 0.29333333333333333
0 0.9485458612975392 0.10666666666666667 0.1029082774049217 0.21333333333333335
0 0.43847874720357943 0.15333333333333332 0.37360178970917224 0.27
0 0.24161073825503357 0.31 0.08053691275167785 0.07666666666666666
0 0.47651006711409394 0.46 0.1297539149888143 0.08333333333333333
0 0.6129753914988815 0.37333333333333335 0.06263982102908278 0.043333333333333335
0 0.6621923937360179 0.5833333333333334 0.06263982102908278 0.04666666666666667
0 0.2953020134228188 0.55 0.11409395973154363 0.07
0 0.2796420581655481 0.47333333333333333 0.049217002237136466 0.03666666666666667
0 0.16331096196868009 0.38666666666666666 0.058165548098434 0.06
0 0.20134228187919462 0.22333333333333333 0.06263982102908278 0.06333333333333334
0 0.6152125279642058 0.68 0.17225950782997762 0.04666666666666667
