0 0.52 0.7941834451901566 0.056666666666666664 0.06263982102908278
0 0.6466666666666666 0.6196868008948546 0.07666666666666666 0.25279642058165547
0 0.37333333333333335 0.12304250559284116 0.29333333333333333 0.23937360178970918
0 0.11 0.05145413870246085 0.21333333333333335 0.1029082774049217
0 0.15666666666666668 0.5592841163310962 0.27 0.37360178970917224
0 0.31333333333333335 0.7583892617449665 0.07666666666666666 0.08053691275167785
0 0.4633333333333333 0.5234899328859061 0.08333333333333333 0.1297539149888143
0 0.37666666666666665 0.3870246085011186 0.043333333333333335 0.06263982102908278
0 0.5866666666666667 0.3378076062639821 0.04666666666666667 0.06263982102908278
0 0.5533333333333333 0.7024608501118568 0.07 0.11409395973154363
0 0.4766666666666667 0.7203579418344519 0.03666666666666667 0.049217002237136466
0 0.39 0.8366890380313199 0.06 0.058165548098434
0 0.22666666666666666 0.7986577181208053 0.06333333333333334 0.06263982102908278
0 0.6833333333333333 0.3825503355704698 0.04666666666666667 0.17225950782997762
