0 0.7919463087248322 0.48 0.06040268456375839 0.05333333333333334
0 0.6196868008948546 0.35333333333333333 0.2505592841163311 0.07333333333333333
0 0.12304250559284116 0.6266666666666667 0.2371364653243848 0.29
0 0.049217002237136466 0.89 0.10067114093959731 0.21
0 0.5592841163310962 0.8433333333333334 0.3713646532438479 0.26666666666666666
0 0.756152125279642 0.6866666666666666 0.07829977628635347 0.07333333333333333
0 0.5212527964205816 0.5366666666666666 0.12751677852348994 0.08
0 0.38478747203579416 0.6233333333333333 0.06040268456375839 0.04
0 0.33557046979865773 0.41333333333333333 0.06040268456375839 0.043333333333333335
0 0.7024608501118568 0.44666666666666666 0.11185682326621924 0.06666666666666667
0 0.7181208053691275 0.5233333333333333 0.04697986577181208 0.03333333333333333
0 0.8344519015659956 0.61 0.05592841163310962 0.056666666666666664
0 0.796420581655481 0.7733333333333333 0.06040268456375839 0.06
0 0.3825503355704698 0.31666666666666665 0.17002237136465326 0.043333333333333335
