0 0.18 0.38 0.1 0.14
0 0.24666666666666667 0.4866666666666667 0.06 0.08444444444444445
0 0.39 0.2577777777777778 0.08333333333333333 0.13555555555555557
0 0.41 0.43555555555555553 0.05 0.07111111111111111
0 0.4033333333333333 0.56 0.03666666666666667 0.08222222222222222
0 0.41 0.6911111111111111 0.03666666666666667 0.051111111111111114
0 0.4266666666666667 0.5711111111111111 0.03 0.12
0 0.5066666666666667 0.4288888888888889 0.05 0.08666666666666667
0 0.5233333333333333 0.18888888888888888 0.02666666666666667 0.03777777777777778
0 0.5 0.30444444444444446 0.043333333333333335 0.06666666666666667
0 0.56 0.35555555555555557 0.02666666666666667 0.03333333333333333
0 0.23333333333333334 0.8066666666666666 0.10333333333333333 0.19777777777777777
