0 0.38 0.17666666666666667 0.14 0.1
0 0.4866666666666667 0.24333333333333335 0.08444444444444445 0.06
0 0.2577777777777778 0.38666666666666666 0.13555555555555557 0.08333333333333333
0 0.43555555555555553 0.4066666666666667 0.07111111111111111 0.05
0 0.56 0.4 0.08222222222222222 0.03666666666666667
0 0.6911111111111111 0.4066666666666667 0.051111111111111114 0.03666666666666667
0 0.5711111111111111 0.42333333333333334 0.12 0.03
0 0.4288888888888889 0.5033333333333333 0.08666666666666667 0.05
0 0.18888888888888888 0.52 0.03777777777777778 0.02666666666666667
0 0.30444444444444446 0.49666666666666665 0.06666666666666667 0.043333333333333335
0 0.35555555555555557 0.5566666666666666 0.03333333333333333 0.02666666666666667
0 0.8066666666666666 0.23 0.19777777777777777 0.10333333333333333
