0 0.6177777777777778 0.8233333333333334 0.14 0.1
0 0.5133333333333333 0.7566666666666667 0.08444444444444445 0.06
0 0.74 0.61 0.13555555555555557 0.08333333333333333
0 0.5644444444444444 0.59 0.07111111111111111 0.05
0 0.43777777777777777 0.5966666666666667 0.08222222222222222 0.03666666666666667
0 0.30666666666666664 0.59 0.051111111111111114 0.03666666666666667
0 0.4288888888888889 0.5733333333333334 0.12 0.03
0 0.5688888888888889 0.49333333333333335 0.08666666666666667 0.05
0 0.8088888888888889 0.48 0.03777777777777778 0.02666666666666667
0 0.6955555555555556 0.5 0.06666666666666667 0.043333333333333335
0 0.6422222222222222 0.44333333333333336 0.03333333333333333 0.02666666666666667
0 0.19111111111111112 0.7666666666666667 0.19777777777777777 0.10333333333333333
