0 0.4343891402714932 0.19 0.2239819004524887 0.18333333333333332
0 0.43665158371040724 0.49666666666666665 0.1832579185520362 0.09666666666666666
0 0.3574660633484163 0.5966666666666667 0.14705882352941177 0.06666666666666667
0 0.34841628959276016 0.6666666666666666 0.10407239819004525 0.043333333333333335
0 0.4592760180995475 0.6266666666666667 0.12895927601809956 0.06
0 0.6018099547511312 0.5733333333333334 0.10180995475113122 0.04666666666666667
0 0.6040723981900452 0.6133333333333333 0.083710407239819 0.04
0 0.5316742081447964 0.6666666666666666 0.05429864253393665 0.02666666666666667
0 0.4117647058823529 0.6966666666666667 0.07692307692307693 0.03
0 0.4457013574660634 0.72 0.08144796380090498 0.03
0 0.8914027149321267 0.24333333333333335 0.10180995475113122 0.09333333333333334
0 0.3914027149321267 0.76 0.05656108597285068 0.02666666666666667
0 0.6470588235294118 0.65 0.08144796380090498 0.03666666666666667
