0 0.5633484162895928 0.19 0.2239819004524887 0.18333333333333332
0 0.5610859728506787 0.49666666666666665 0.1832579185520362 0.09666666666666666
0 0.6402714932126696 0.5966666666666667 0.14705882352941177 0.06666666666666667
0 0.6515837104072398 0.6666666666666666 0.10407239819004525 0.043333333333333335
0 0.5384615384615384 0.6266666666666667 0.12895927601809956 0.06
0 0.39592760180995473 0.5733333333333334 0.10180995475113122 0.04666666666666667
0 0.3936651583710407 0.6133333333333333 0.083710407239819 0.04
0 0.4683257918552036 0.6666666666666666 0.05429864253393665 0.02666666666666667
0 0.5882352941176471 0.6966666666666667 0.07692307692307693 0.03
0 0.5542986425339367 0.72 0.08144796380090498 0.03
0 0.10633484162895927 0.24333333333333335 0.10180995475113122 0.09333333333333334
0 0.6063348416289592 0.76 0.05656108597285068 0.02666666666666667
0 0.35294117647058826 0.65 0.08144796380090498 0.03666666666666667
