0 0.5633484162895928 0.8066666666666666 0.22171945701357465 0.18
0 0.5610859728506787 0.5 0.18099547511312217 0.09333333333333334
0 0.6402714932126696 0.4 0.14479638009049775 0.06333333333333334
0 0.6493212669683258 0.33 0.10180995475113122 0.04
0 0.5384615384615384 0.37 0.12669683257918551 0.056666666666666664
0 0.39592760180995473 0.42333333333333334 0.09954751131221719 0.043333333333333335
0 0.3936651583710407 0.38333333333333336 0.08144796380090498 0.03666666666666667
0 0.4660633484162896 0.33 0.05203619909502263 0.023333333333333334
0 0.5859728506787331 0.3 0.0746606334841629 0.02666666666666667
0 0.5520361990950227 0.27666666666666667 0.07918552036199095 0.02666666666666667
0 0.10633484162895927 0.7533333333333333 0.09954751131221719 0.09
0 0.6063348416289592 0.23666666666666666 0.05429864253393665 0.023333333333333334
0 0.3506787330316742 0.3466666666666667 0.07918552036199095 0.03333333333333333
