0 0.6763636363636364 0.9234972677595629 0.19272727272727272 0.11475409836065574
0 0.1709090909090909 0.8743169398907104 0.15272727272727274 0.12568306010928962
0 0.3090909090909091 0.73224043715847 0.2109090909090909 0.07103825136612021
0 0.04 0.7595628415300546 0.08363636363636363 0.09289617486338798
0 0.10181818181818182 0.5628415300546448 0.09454545454545454 0.060109289617486336
0 0.1890909090909091 0.5846994535519126 0.08363636363636363 0.07103825136612021
0 0.56 0.4808743169398907 0.12363636363636364 0.060109289617486336
0 0.6 0.5191256830601093 0.06181818181818182 0.0273224043715847
0 0.5381818181818182 0.5191256830601093 0.05454545454545454 0.0273224043715847
0 0.8872727272727273 0.7759562841530054 0.08363636363636363 0.060109289617486336
0 0.8836363636363637 0.8579234972677595 0.09454545454545454 0.09289617486338798
0 0.9127272727272727 0.9398907103825137 0.10181818181818182 0.04918032786885246
0 0.4109090909090909 0.4644808743169399 0.07272727272727272 0.03825136612021858
0 0.32 0.4426229508196721 0.07272727272727272 0.04918032786885246
0 0.36 0.3825136612021858 0.07272727272727272 0.04918032786885246
0 0.44 0.3825136612021858 0.07272727272727272 0.03825136612021858
0 0.52 0.33879781420765026 0.05090909090909091 0.0273224043715847
0 0.4218181818181818 0.31693989071038253 0.07272727272727272 0.03825136612021858
0 0.6690909090909091 0.2896174863387978 0.08363636363636363 0.03825136612021858
0 0.6727272727272727 0.40437158469945356 0.12363636363636364 0.03825136612021858
0 0.7563636363636363 0.5300546448087432 0.09090909090909091 0.03825136612021858
0 0.7745454545454545 0.48633879781420764 0.13090909090909092 0.03825136612021858
0 0.7818181818181819 0.453551912568306 0.08 0.03825136612021858
0 0.9018181818181819 0.41530054644808745 0.1890909090909091 0.060109289617486336
0 0.8 0.23497267759562843 0.09090909090909091 0.03825136612021858
0 0.9272727272727272 0.3005464480874317 0.11272727272727273 0.10382513661202186
0 0.9309090909090909 0.21311475409836064 0.13090909090909092 0.03825136612021858
0 0.8181818181818182 0.1912568306010929 0.08363636363636363 0.03825136612021858
0 0.92 0.6775956284153005 0.15272727272727274 0.10382513661202186
0 0.8981818181818182 0.5300546448087432 0.08363636363636363 0.11475409836065574
0 0.36 0.6120218579234973 0.12 0.07103825136612021
0 0.6509090909090909 0.5409836065573771 0.10181818181818182 0.060109289617486336
