0 0.07103825136612021 0.32 0.11475409836065574 0.19272727272727272
0 0.12021857923497267 0.8290909090909091 0.12568306010928962 0.15272727272727274
0 0.26229508196721313 0.6909090909090909 0.07103825136612021 0.2109090909090909
0 0.23497267759562843 0.9563636363636364 0.09289617486338798 0.08363636363636363
0 0.43169398907103823 0.8981818181818182 0.060109289617486336 0.09454545454545454
0 0.4098360655737705 0.8072727272727273 0.07103825136612021 0.08363636363636363
0 0.5136612021857924 0.44 0.060109289617486336 0.12363636363636364
0 0.47540983606557374 0.39636363636363636 0.0273224043715847 0.06181818181818182
0 0.47540983606557374 0.4581818181818182 0.0273224043715847 0.05454545454545454
0 0.2185792349726776 0.10909090909090909 0.060109289617486336 0.08363636363636363
0 0.1366120218579235 0.11636363636363636 0.09289617486338798 0.09454545454545454
0 0.0546448087431694 0.08727272727272728 0.04918032786885246 0.10181818181818182
0 0.5300546448087432 0.5890909090909091 0.03825136612021858 0.07272727272727272
0 0.5519125683060109 0.68 0.04918032786885246 0.07272727272727272
0 0.6120218579234973 0.64 0.04918032786885246 0.07272727272727272
0 0.6120218579234973 0.56 0.03825136612021858 0.07272727272727272
0 0.6557377049180327 0.48 0.0273224043715847 0.05090909090909091
0 0.6775956284153005 0.5781818181818181 0.03825136612021858 0.07272727272727272
0 0.7049180327868853 0.32727272727272727 0.03825136612021858 0.08363636363636363
0 0.5901639344262295 0.32727272727272727 0.03825136612021858 0.12363636363636364
0 0.4644808743169399 0.24 0.03825136612021858 0.09090909090909091
0 0.5081967213114754 0.22545454545454546 0.03825136612021858 0.13090909090909092
0 0.5409836065573771 0.21818181818181817 0.03825136612021858 0.08
0 0.5792349726775956 0.09818181818181818 0.060109289617486336 0.1890909090909091
0 0.7595628415300546 0.19636363636363635 0.03825136612021858 0.09090909090909091
0 0.6939890710382514 0.06909090909090909 0.10382513661202186 0.11272727272727273
0 0.7814207650273224 0.06909090909090909 0.03825136612021858 0.13090909090909092
0 0.8032786885245902 0.1781818181818182 0.03825136612021858 0.08363636363636363
0 0.31693989071038253 0.08 0.10382513661202186 0.15272727272727274
0 0.4644808743169399 0.09818181818181818 0.11475409836065574 0.08363636363636363
0 0.3825136612021858 0.6363636363636364 0.07103825136612021 0.12
0 0.453551912568306 0.3490909090909091 0.060109289617486336 0.10181818181818182
