0 0.32 0.9234972677595629 0.1890909090909091 0.1092896174863388
0 0.8254545454545454 0.8743169398907104 0.14909090909090908 0.12021857923497267
0 0.6872727272727273 0.73224043715847 0.20727272727272728 0.06557377049180328
0 0.9563636363636364 0.7595628415300546 0.08 0.08743169398907104
0 0.8945454545454545 0.5628415300546448 0.09090909090909091 0.0546448087431694
0 0.8072727272727273 0.5846994535519126 0.08 0.06557377049180328
0 0.43636363636363634 0.4808743169398907 0.12 0.0546448087431694
0 0.39636363636363636 0.5191256830601093 0.05818181818181818 0.02185792349726776
0 0.4581818181818182 0.5191256830601093 0.05090909090909091 0.02185792349726776
0 0.10909090909090909 0.7759562841530054 0.08 0.0546448087431694
0 0.11272727272727273 0.8579234972677595 0.09090909090909091 0.08743169398907104
0 0.08363636363636363 0.9398907103825137 0.09818181818181818 0.04371584699453552
0 0.5854545454545454 0.4644808743169399 0.06909090909090909 0.03278688524590164
0 0.6763636363636364 0.4426229508196721 0.06909090909090909 0.04371584699453552
0 0.6363636363636364 0.3825136612021858 0.06909090909090909 0.04371584699453552
0 0.5563636363636364 0.3825136612021858 0.06909090909090909 0.03278688524590164
0 0.4763636363636364 0.33879781420765026 0.04727272727272727 0.02185792349726776
0 0.5745454545454546 0.31693989071038253 0.06909090909090909 0.03278688524590164
0 0.32727272727272727 0.2896174863387978 0.08 0.03278688524590164
0 0.3236363636363636 0.40437158469945356 0.12 0.03278688524590164
0 0.24 0.5300546448087432 0.08727272727272728 0.03278688524590164
0 0.22181818181818183 0.48633879781420764 0.12727272727272726 0.03278688524590164
0 0.21454545454545454 0.453551912568306 0.07636363636363637 0.03278688524590164
0 0.09454545454545454 0.41530054644808745 0.18545454545454546 0.0546448087431694
0 0.19636363636363635 0.23497267759562843 0.08727272727272728 0.03278688524590164
0 0.06909090909090909 0.3005464480874317 0.10909090909090909 0.09836065573770492
0 0.06545454545454546 0.21311475409836064 0.12727272727272726 0.03278688524590164
0 0.1781818181818182 0.1912568306010929 0.08 0.03278688524590164
0 0.07636363636363637 0.6775956284153005 0.14909090909090908 0.09836065573770492
0 0.09818181818181818 0.5300546448087432 0.08 0.1092896174863388
0 0.6363636363636364 0.6120218579234973 0.11636363636363636 0.06557377049180328
0 0.34545454545454546 0.5409836065573771 0.09818181818181818 0.0546448087431694
