0 0.597051597051597 0.44 0.29238329238329236 0.11
0 0.7002457002457002 0.5433333333333333 0.14496314496314497 0.10333333333333333
0 0.85995085995086 0.49333333333333335 0.10073710073710074 0.043333333333333335
0 0.7886977886977887 0.35333333333333333 0.2628992628992629 0.17
0 0.5749385749385749 0.21333333333333335 0.4864864864864865 0.12
0 0.19656019656019655 0.2833333333333333 0.3955773955773956 0.24666666666666667
0 0.15233415233415235 0.05333333333333334 0.10073710073710074 0.11
0 0.07125307125307126 0.5033333333333333 0.11302211302211303 0.03666666666666667
0 0.17444717444717445 0.43 0.17936117936117937 0.11666666666666667
0 0.26044226044226043 0.5133333333333333 0.22113022113022113 0.05333333333333334
