0 0.4004914004914005 0.5566666666666666 0.28992628992628994 0.10666666666666667
0 0.2972972972972973 0.4533333333333333 0.14250614250614252 0.1
0 0.1375921375921376 0.5033333333333333 0.09828009828009827 0.04
0 0.20884520884520885 0.6433333333333333 0.26044226044226043 0.16666666666666666
0 0.4226044226044226 0.7833333333333333 0.48402948402948404 0.11666666666666667
0 0.800982800982801 0.7133333333333334 0.3931203931203931 0.24333333333333335
0 0.8452088452088452 0.9433333333333334 0.09828009828009827 0.10666666666666667
0 0.9262899262899262 0.49333333333333335 0.11056511056511056 0.03333333333333333
0 0.8230958230958231 0.5666666666666667 0.1769041769041769 0.11333333333333333
0 0.7371007371007371 0.48333333333333334 0.21867321867321868 0.05
