0 0.597051597051597 0.5566666666666666 0.29238329238329236 0.11
0 0.7002457002457002 0.4533333333333333 0.14496314496314497 0.10333333333333333
0 0.85995085995086 0.5033333333333333 0.10073710073710074 0.043333333333333335
0 0.7886977886977887 0.6433333333333333 0.2628992628992629 0.17
0 0.5749385749385749 0.7866666666666666 0.4864864864864865 0.12
0 0.19656019656019655 0.7166666666666667 0.3955773955773956 0.24666666666666667
0 0.15233415233415235 0.9433333333333334 0.10073710073710074 0.11
0 0.07125307125307126 0.49333333333333335 0.11302211302211303 0.03666666666666667
0 0.17444717444717445 0.5666666666666667 0.17936117936117937 0.11666666666666667
0 0.26044226044226043 0.4866666666666667 0.22113022113022113 0.05333333333333334
