0 0.4004914004914005 0.44 0.29238329238329236 0.11
0 0.2972972972972973 0.5433333333333333 0.14496314496314497 0.10333333333333333
0 0.1375921375921376 0.49333333333333335 0.10073710073710074 0.043333333333333335
0 0.20884520884520885 0.35333333333333333 0.2628992628992629 0.17
0 0.4250614250614251 0.21333333333333335 0.4864864864864865 0.12
0 0.800982800982801 0.2833333333333333 0.3955773955773956 0.24666666666666667
0 0.8452088452088452 0.05333333333333334 0.10073710073710074 0.11
0 0.9287469287469288 0.5033333333333333 0.11302211302211303 0.03666666666666667
0 0.8230958230958231 0.43 0.17936117936117937 0.11666666666666667
0 0.7395577395577395 0.5133333333333333 0.22113022113022113 0.05333333333333334
