0 0.33 0.38666666666666666 0.2633333333333333 0.2
0 0.6733333333333333 0.14666666666666667 0.44 0.28
0 0.19666666666666666 0.06 0.3333333333333333 0.12333333333333334
0 0.08 0.25333333333333335 0.16 0.14
0 0.6566666666666666 0.5433333333333333 0.3933333333333333 0.16666666666666666
0 0.31 0.6133333333333333 0.15666666666666668 0.07
0 0.12 0.56 0.14333333333333334 0.10333333333333333
0 0.02666666666666667 0.48333333333333334 0.05333333333333334 0.06333333333333334
0 0.37 0.8166666666666667 0.15666666666666668 0.056666666666666664
0 0.5166666666666667 0.72 0.19333333333333333 0.06666666666666667
0 0.5966666666666667 0.78 0.08666666666666667 0.04
0 0.78 0.77 0.19666666666666666 0.07333333333333333
0 0.30333333333333334 0.8733333333333333 0.10333333333333333 0.04
0 0.41 0.89 0.13666666666666666 0.043333333333333335
0 0.6566666666666666 0.84 0.25 0.07
0 0.24666666666666667 0.9333333333333333 0.18333333333333332 0.07333333333333333
0 0.43 0.6533333333333333 0.14 0.056666666666666664
0 0.31 0.7166666666666667 0.06666666666666667 0.04
0 0.9566666666666667 0.2866666666666667 0.08666666666666667 0.11
