0 0.6666666666666666 0.61 0.26 0.19666666666666666
0 0.3233333333333333 0.85 0.43666666666666665 0.27666666666666667
0 0.8 0.9366666666666666 0.33 0.12
0 0.9166666666666666 0.7433333333333333 0.15666666666666668 0.13666666666666666
0 0.34 0.4533333333333333 0.39 0.16333333333333333
0 0.6866666666666666 0.38333333333333336 0.15333333333333332 0.06666666666666667
0 0.8766666666666667 0.43666666666666665 0.14 0.1
0 0.97 0.5133333333333333 0.05 0.06
0 0.6266666666666667 0.18 0.15333333333333332 0.05333333333333334
0 0.48 0.27666666666666667 0.19 0.06333333333333334
0 0.4 0.21666666666666667 0.08333333333333333 0.03666666666666667
0 0.21666666666666667 0.22666666666666666 0.19333333333333333 0.07
0 0.6933333333333334 0.12333333333333334 0.1 0.03666666666666667
0 0.5866666666666667 0.10666666666666667 0.13333333333333333 0.04
0 0.34 0.15666666666666668 0.24666666666666667 0.06666666666666667
0 0.75 0.06333333333333334 0.18 0.07
0 0.5666666666666667 0.3433333333333333 0.13666666666666666 0.05333333333333334
0 0.6866666666666666 0.28 0.06333333333333334 0.03666666666666667
0 0.04 0.71 0.08333333333333333 0.10666666666666667
