0 0.39 0.6666666666666666 0.2 0.2633333333333333
0 0.15 0.32666666666666666 0.28 0.44
0 0.06333333333333334 0.8033333333333333 0.12333333333333334 0.3333333333333333
0 0.25666666666666665 0.92 0.14 0.16
0 0.5466666666666666 0.3433333333333333 0.16666666666666666 0.3933333333333333
0 0.6166666666666667 0.6866666666666666 0.07 0.15666666666666668
0 0.5633333333333334 0.8766666666666667 0.10333333333333333 0.14333333333333334
0 0.4866666666666667 0.9733333333333334 0.06333333333333334 0.05333333333333334
0 0.82 0.6266666666666667 0.056666666666666664 0.15666666666666668
0 0.7233333333333334 0.48333333333333334 0.06666666666666667 0.19333333333333333
0 0.7833333333333333 0.4033333333333333 0.04 0.08666666666666667
0 0.7733333333333333 0.21666666666666667 0.07333333333333333 0.19666666666666666
0 0.8766666666666667 0.6933333333333334 0.04 0.10333333333333333
0 0.8933333333333333 0.5866666666666667 0.043333333333333335 0.13666666666666666
0 0.8433333333333334 0.34 0.07 0.25
0 0.9366666666666666 0.75 0.07333333333333333 0.18333333333333332
0 0.6566666666666666 0.57 0.056666666666666664 0.14
0 0.72 0.69 0.04 0.06666666666666667
0 0.29 0.043333333333333335 0.11 0.08666666666666667
