0 0.33 0.6133333333333333 0.2633333333333333 0.2
0 0.6733333333333333 0.8533333333333334 0.44 0.28
0 0.19666666666666666 0.9366666666666666 0.3333333333333333 0.12333333333333334
0 0.08 0.7466666666666667 0.16 0.14
0 0.6566666666666666 0.45666666666666667 0.3933333333333333 0.16666666666666666
0 0.31 0.38333333333333336 0.15666666666666668 0.07
0 0.12 0.43666666666666665 0.14333333333333334 0.10333333333333333
0 0.02666666666666667 0.5133333333333333 0.05333333333333334 0.06333333333333334
0 0.37 0.18 0.15666666666666668 0.056666666666666664
0 0.5166666666666667 0.28 0.19333333333333333 0.06666666666666667
0 0.5966666666666667 0.22 0.08666666666666667 0.04
0 0.78 0.23 0.19666666666666666 0.07333333333333333
0 0.30333333333333334 0.12666666666666668 0.10333333333333333 0.04
0 0.41 0.10666666666666667 0.13666666666666666 0.043333333333333335
0 0.6566666666666666 0.15666666666666668 0.25 0.07
0 0.24666666666666667 0.06666666666666667 0.18333333333333332 0.07333333333333333
0 0.43 0.3433333333333333 0.14 0.056666666666666664
0 0.31 0.2833333333333333 0.06666666666666667 0.04
0 0.9566666666666667 0.71 0.08666666666666667 0.11
