0 0.4225 0.28 0.225 0.11
0 0.655 0.15 0.1325 0.12333333333333334
0 0.5725 0.36 0.1175 0.06666666666666667
0 0.5425 0.43 0.095 0.05333333333333334
0 0.43 0.3933333333333333 0.0975 0.05333333333333334
0 0.4175 0.49 0.0875 0.03666666666666667
0 0.6175 0.5166666666666667 0.165 0.043333333333333335
0 0.725 0.48 0.1 0.043333333333333335
0 0.5275 0.5633333333333334 0.09 0.03
0 0.0775 0.34 0.1575 0.09
0 0.13 0.4166666666666667 0.1025 0.04666666666666667
0 0.18 0.46 0.115 0.05333333333333334
0 0.245 0.53 0.07 0.02666666666666667
0 0.31 0.5633333333333334 0.0725 0.02666666666666667
0 0.2675 0.6033333333333334 0.11 0.03333333333333333
0 0.3975 0.6466666666666666 0.105 0.03
0 0.355 0.6233333333333333 0.0675 0.023333333333333334
0 0.5125 0.61 0.06 0.023333333333333334
