0 0.2833333333333333 0.4225 0.11 0.225
0 0.15333333333333332 0.655 0.12333333333333334 0.1325
0 0.36333333333333334 0.5725 0.06666666666666667 0.1175
0 0.43333333333333335 0.5425 0.05333333333333334 0.095
0 0.39666666666666667 0.43 0.05333333333333334 0.0975
0 0.49333333333333335 0.4175 0.03666666666666667 0.0875
0 0.52 0.6175 0.043333333333333335 0.165
0 0.48333333333333334 0.725 0.043333333333333335 0.1
0 0.5666666666666667 0.5275 0.03 0.09
0 0.3433333333333333 0.0775 0.09 0.1575
0 0.42 0.13 0.04666666666666667 0.1025
0 0.4633333333333333 0.18 0.05333333333333334 0.115
0 0.5333333333333333 0.245 0.02666666666666667 0.07
0 0.5666666666666667 0.31 0.02666666666666667 0.0725
0 0.6066666666666667 0.2675 0.03333333333333333 0.11
0 0.65 0.3975 0.03 0.105
0 0.6266666666666667 0.355 0.023333333333333334 0.0675
0 0.6133333333333333 0.5125 0.023333333333333334 0.06
