0 0.5775 0.28 0.225 0.11
0 0.3425 0.15 0.1325 0.12333333333333334
0 0.425 0.36 0.1175 0.06666666666666667
0 0.4575 0.43 0.095 0.05333333333333334
0 0.5675 0.3933333333333333 0.0975 0.05333333333333334
0 0.58 0.49 0.0875 0.03666666666666667
0 0.3825 0.5166666666666667 0.165 0.043333333333333335
0 0.275 0.48 0.1 0.043333333333333335
0 0.4725 0.5633333333333334 0.09 0.03
0 0.92 0.34 0.1575 0.09
0 0.8675 0.4166666666666667 0.1025 0.04666666666666667
0 0.82 0.46 0.115 0.05333333333333334
0 0.755 0.53 0.07 0.02666666666666667
0 0.6875 0.5633333333333334 0.0725 0.02666666666666667
0 0.7325 0.6033333333333334 0.11 0.03333333333333333
0 0.6025 0.6466666666666666 0.105 0.03
0 0.6425 0.6233333333333333 0.0675 0.023333333333333334
0 0.4875 0.61 0.06 0.023333333333333334
