0 0.5775 0.7166666666666667 0.225 0.11
0 0.3425 0.8466666666666667 0.1325 0.12333333333333334
0 0.425 0.64 0.1175 0.06666666666666667
0 0.4575 0.57 0.095 0.05333333333333334
0 0.5675 0.6066666666666667 0.0975 0.05333333333333334
0 0.58 0.5066666666666667 0.0875 0.03666666666666667
0 0.3825 0.48 0.165 0.043333333333333335
0 0.275 0.5166666666666667 0.1 0.043333333333333335
0 0.4725 0.43333333333333335 0.09 0.03
0 0.92 0.6566666666666666 0.1575 0.09
0 0.8675 0.5833333333333334 0.1025 0.04666666666666667
0 0.82 0.54 0.115 0.05333333333333334
0 0.755 0.47 0.07 0.02666666666666667
0 0.6875 0.43666666666666665 0.0725 0.02666666666666667
0 0.7325 0.39666666666666667 0.11 0.03333333333333333
0 0.6025 0.35 0.105 0.03
0 0.6425 0.37333333333333335 0.0675 0.023333333333333334
0 0.4875 0.38666666666666666 0.06 0.023333333333333334
