0 0.7306791569086651 0.3933333333333333 0.20843091334894615 0.12
0 0.5035128805620609 0.29333333333333333 0.16393442622950818 0.12
0 0.6370023419203747 0.12666666666666668 0.13817330210772832 0.16
0 0.26229508196721313 0.03 0.11475409836065574 0.06333333333333334
0 0.819672131147541 0.49666666666666665 0.08196721311475409 0.06
0 0.9110070257611241 0.5233333333333333 0.08899297423887588 0.05333333333333334
0 0.6346604215456675 0.55 0.13348946135831383 0.056666666666666664
0 0.747072599531616 0.5533333333333333 0.07962529274004684 0.04
0 0.7611241217798594 0.5966666666666667 0.0468384074941452 0.03333333333333333
0 0.24121779859484777 0.49333333333333335 0.09133489461358314 0.03666666666666667
0 0.0351288056206089 0.4666666666666667 0.0702576112412178 0.07666666666666666
