0 0.26697892271662765 0.6033333333333334 0.20608899297423888 0.11666666666666667
0 0.49414519906323184 0.7033333333333334 0.16159250585480095 0.11666666666666667
0 0.36065573770491804 0.87 0.1358313817330211 0.15666666666666668
0 0.7353629976580797 0.9666666666666667 0.11241217798594848 0.06
0 0.17798594847775176 0.5 0.07962529274004684 0.056666666666666664
0 0.08665105386416862 0.47333333333333333 0.08665105386416862 0.05
0 0.3629976580796253 0.44666666666666666 0.13114754098360656 0.05333333333333334
0 0.2505854800936768 0.44333333333333336 0.07728337236533958 0.03666666666666667
0 0.23653395784543327 0.4 0.04449648711943794 0.03
0 0.7564402810304449 0.5033333333333333 0.08899297423887588 0.03333333333333333
0 0.9625292740046838 0.53 0.06791569086651054 0.07333333333333333
