0 0.39666666666666667 0.26697892271662765 0.12 0.20843091334894615
0 0.2966666666666667 0.4964871194379391 0.12 0.16393442622950818
0 0.13 0.36065573770491804 0.16 0.13817330210772832
0 0.03333333333333333 0.7353629976580797 0.06333333333333334 0.11475409836065574
0 0.5 0.17798594847775176 0.06 0.08196721311475409
0 0.5266666666666666 0.08899297423887588 0.05333333333333334 0.08899297423887588
0 0.5533333333333333 0.3629976580796253 0.056666666666666664 0.13348946135831383
0 0.5566666666666666 0.2529274004683841 0.04 0.07962529274004684
0 0.6 0.2388758782201405 0.03333333333333333 0.0468384074941452
0 0.49666666666666665 0.7564402810304449 0.03666666666666667 0.09133489461358314
0 0.47 0.9648711943793911 0.07666666666666666 0.0702576112412178
