0 0.4763636363636364 0.5628415300546448 0.11636363636363636 0.07650273224043716
0 0.5745454545454546 0.41530054644808745 0.06909090909090909 0.1092896174863388
0 0.509090909090909 0.3005464480874317 0.08727272727272728 0.06557377049180328
0 0.5854545454545454 0.20765027322404372 0.04727272727272727 0.0546448087431694
0 0.5163636363636364 0.15300546448087432 0.04 0.03278688524590164
0 0.4581818181818182 0.41530054644808745 0.04 0.03278688524590164
0 0.4763636363636364 0.37158469945355194 0.04 0.02185792349726776
0 0.7672727272727272 0.7650273224043715 0.08727272727272728 0.15846994535519127
0 0.8 0.8961748633879781 0.08 0.04371584699453552
0 0.7345454545454545 0.6010928961748634 0.06909090909090909 0.14207650273224043
0 0.6981818181818182 0.41530054644808745 0.04727272727272727 0.06557377049180328
0 0.6872727272727273 0.36065573770491804 0.05090909090909091 0.0546448087431694
0 0.6763636363636364 0.2896174863387978 0.08727272727272728 0.06557377049180328
0 0.6545454545454545 0.23497267759562843 0.04 0.0546448087431694
