0 0.52 0.5628415300546448 0.12 0.08196721311475409
0 0.4218181818181818 0.41530054644808745 0.07272727272727272 0.11475409836065574
0 0.48727272727272725 0.3005464480874317 0.09090909090909091 0.07103825136612021
0 0.4109090909090909 0.20765027322404372 0.05090909090909091 0.060109289617486336
0 0.48 0.15300546448087432 0.04363636363636364 0.03825136612021858
0 0.5381818181818182 0.41530054644808745 0.04363636363636364 0.03825136612021858
0 0.52 0.37158469945355194 0.04363636363636364 0.0273224043715847
0 0.2290909090909091 0.7704918032786885 0.09090909090909091 0.16393442622950818
0 0.19636363636363635 0.8961748633879781 0.08363636363636363 0.04918032786885246
0 0.26181818181818184 0.6010928961748634 0.07272727272727272 0.14754098360655737
0 0.29818181818181816 0.41530054644808745 0.05090909090909091 0.07103825136612021
0 0.3090909090909091 0.36065573770491804 0.05454545454545454 0.060109289617486336
0 0.32 0.2896174863387978 0.09090909090909091 0.07103825136612021
0 0.3418181818181818 0.23497267759562843 0.04363636363636364 0.060109289617486336
