0 0.4763636363636364 0.43169398907103823 0.12 0.08196721311475409
0 0.5781818181818181 0.5792349726775956 0.07272727272727272 0.11475409836065574
0 0.509090909090909 0.6939890710382514 0.09090909090909091 0.07103825136612021
0 0.5890909090909091 0.7868852459016393 0.05090909090909091 0.060109289617486336
0 0.52 0.8415300546448088 0.04363636363636364 0.03825136612021858
0 0.4618181818181818 0.5792349726775956 0.04363636363636364 0.03825136612021858
0 0.48 0.6229508196721312 0.04363636363636364 0.0273224043715847
0 0.7672727272727272 0.22950819672131148 0.09090909090909091 0.16393442622950818
0 0.8 0.09836065573770492 0.08363636363636363 0.04918032786885246
0 0.7381818181818182 0.39344262295081966 0.07272727272727272 0.14754098360655737
0 0.7018181818181818 0.5792349726775956 0.05090909090909091 0.07103825136612021
0 0.6872727272727273 0.6338797814207651 0.05454545454545454 0.060109289617486336
0 0.6763636363636364 0.7049180327868853 0.09090909090909091 0.07103825136612021
0 0.6581818181818182 0.7595628415300546 0.04363636363636364 0.060109289617486336
