0 0.45666666666666667 0.34476843910806176 0.09666666666666666 0.10806174957118353
0 0.5566666666666666 0.3670668953687822 0.07 0.07890222984562607
0 0.51 0.47684391080617494 0.056666666666666664 0.07032590051457976
0 0.4866666666666667 0.5831903945111492 0.056666666666666664 0.07204116638078903
0 0.62 0.5883361921097771 0.06666666666666667 0.07032590051457976
0 0.61 0.7169811320754716 0.07666666666666666 0.06518010291595197
0 0.33 0.48198970840480276 0.14666666666666667 0.15780445969125215
0 0.15666666666666668 0.516295025728988 0.14333333333333334 0.10806174957118353
0 0.8766666666666667 0.902229845626072 0.1 0.1646655231560892
0 0.8066666666666666 0.5077186963979416 0.06 0.11149228130360206
0 0.72 0.3481989708404803 0.04666666666666667 0.07032590051457976
0 0.7866666666666666 0.26758147512864494 0.056666666666666664 0.06689536878216124
0 0.7333333333333333 0.2144082332761578 0.056666666666666664 0.058319039451114926
0 0.7 0.13379073756432247 0.06666666666666667 0.09948542024013722
0 0.6166666666666667 0.2332761578044597 0.08333333333333333 0.09777015437392796
0 0.67 0.34476843910806176 0.04666666666666667 0.05660377358490566
0 0.7566666666666667 0.7495711835334476 0.04666666666666667 0.060034305317324184
