0 0.34476843910806176 0.4533333333333333 0.10806174957118353 0.09666666666666666
0 0.3670668953687822 0.5533333333333333 0.07890222984562607 0.07
0 0.47684391080617494 0.5066666666666667 0.07032590051457976 0.056666666666666664
0 0.5831903945111492 0.48333333333333334 0.07204116638078903 0.056666666666666664
0 0.5883361921097771 0.6166666666666667 0.07032590051457976 0.06666666666666667
0 0.7169811320754716 0.6066666666666667 0.06518010291595197 0.07666666666666666
0 0.48198970840480276 0.32666666666666666 0.15780445969125215 0.14666666666666667
0 0.516295025728988 0.15333333333333332 0.10806174957118353 0.14333333333333334
0 0.902229845626072 0.8733333333333333 0.1646655231560892 0.1
0 0.5077186963979416 0.8033333333333333 0.11149228130360206 0.06
0 0.3481989708404803 0.7166666666666667 0.07032590051457976 0.04666666666666667
0 0.26758147512864494 0.7833333333333333 0.06689536878216124 0.056666666666666664
0 0.2144082332761578 0.73 0.058319039451114926 0.056666666666666664
0 0.13379073756432247 0.6966666666666667 0.09948542024013722 0.06666666666666667
0 0.2332761578044597 0.6133333333333333 0.09777015437392796 0.08333333333333333
0 0.34476843910806176 0.6666666666666666 0.05660377358490566 0.04666666666666667
0 0.7495711835334476 0.7533333333333333 0.060034305317324184 0.04666666666666667
