0 0.6535162950257289 0.5433333333333333 0.10806174957118353 0.09666666666666666
0 0.6329331046312179 0.44333333333333336 0.07890222984562607 0.07
0 0.5214408233276158 0.49 0.07032590051457976 0.056666666666666664
0 0.41680960548885077 0.5133333333333333 0.07204116638078903 0.056666666666666664
0 0.4099485420240137 0.38333333333333336 0.07032590051457976 0.06666666666666667
0 0.2830188679245283 0.39 0.06518010291595197 0.07666666666666666
0 0.5180102915951973 0.6733333333333333 0.15780445969125215 0.14666666666666667
0 0.48198970840480276 0.8433333333333334 0.10806174957118353 0.14333333333333334
0 0.09777015437392796 0.12666666666666668 0.1646655231560892 0.1
0 0.49056603773584906 0.19666666666666666 0.11149228130360206 0.06
0 0.6500857632933105 0.2833333333333333 0.07032590051457976 0.04666666666666667
0 0.7307032590051458 0.21333333333333335 0.06689536878216124 0.056666666666666664
0 0.7855917667238422 0.26666666666666666 0.058319039451114926 0.056666666666666664
0 0.8662092624356775 0.30333333333333334 0.09948542024013722 0.06666666666666667
0 0.7650085763293311 0.38333333333333336 0.09777015437392796 0.08333333333333333
0 0.6535162950257289 0.3333333333333333 0.05660377358490566 0.04666666666666667
0 0.24871355060034306 0.24666666666666667 0.060034305317324184 0.04666666666666667
