0 0.34476843910806176 0.5433333333333333 0.10634648370497427 0.09333333333333334
0 0.3653516295025729 0.44333333333333336 0.07718696397941681 0.06666666666666667
0 0.47684391080617494 0.49 0.0686106346483705 0.05333333333333334
0 0.58147512864494 0.5133333333333333 0.07032590051457976 0.05333333333333334
0 0.5883361921097771 0.38 0.0686106346483705 0.06333333333333334
0 0.7152658662092625 0.39 0.0634648370497427 0.07333333333333333
0 0.48027444253859347 0.67 0.15608919382504288 0.14333333333333334
0 0.516295025728988 0.8433333333333334 0.10634648370497427 0.14
0 0.9005145797598628 0.12333333333333334 0.16295025728987994 0.09666666666666666
0 0.5077186963979416 0.19333333333333333 0.1097770154373928 0.056666666666666664
0 0.3481989708404803 0.28 0.0686106346483705 0.043333333333333335
0 0.26758147512864494 0.21333333333333335 0.06518010291595197 0.05333333333333334
0 0.21269296740994853 0.26666666666666666 0.05660377358490566 0.05333333333333334
0 0.1320754716981132 0.3 0.09777015437392796 0.06333333333333334
0 0.2332761578044597 0.38333333333333336 0.09605488850771869 0.08
0 0.34476843910806176 0.33 0.0548885077186964 0.043333333333333335
0 0.7495711835334476 0.24333333333333335 0.058319039451114926 0.043333333333333335
