0 0.15555555555555556 0.8444444444444444 0.30972222222222223 0.1648148148148148
0 0.4736111111111111 0.6240740740740741 0.3486111111111111 0.07962962962962963
0 0.5430555555555555 0.5166666666666667 0.20277777777777778 0.05555555555555555
0 0.9222222222222223 0.5981481481481481 0.14444444444444443 0.1425925925925926
0 0.7861111111111111 0.4666666666666667 0.1375 0.05925925925925926
0 0.041666666666666664 0.6555555555555556 0.08194444444444444 0.06666666666666667
0 0.14722222222222223 0.5833333333333334 0.12916666666666668 0.04259259259259259
0 0.2111111111111111 0.5277777777777778 0.07916666666666666 0.044444444444444446
0 0.3875 0.5407407407407407 0.09444444444444444 0.07222222222222222
0 0.5680555555555555 0.45185185185185184 0.06527777777777778 0.02962962962962963
0 0.6847222222222222 0.34444444444444444 0.041666666666666664 0.03518518518518519
0 0.5819444444444445 0.34444444444444444 0.04027777777777778 0.020370370370370372
