0 0.15694444444444444 0.1537037037037037 0.3111111111111111 0.16666666666666666
0 0.475 0.37407407407407406 0.35 0.08148148148148149
0 0.5430555555555555 0.48148148148148145 0.20416666666666666 0.05740740740740741
0 0.9222222222222223 0.4 0.14583333333333334 0.14444444444444443
0 0.7875 0.5314814814814814 0.1388888888888889 0.06111111111111111
0 0.043055555555555555 0.3425925925925926 0.08333333333333333 0.06851851851851852
0 0.1486111111111111 0.4148148148148148 0.13055555555555556 0.044444444444444446
0 0.2125 0.4703703703703704 0.08055555555555556 0.046296296296296294
0 0.3875 0.45740740740740743 0.09583333333333334 0.07407407407407407
0 0.5694444444444444 0.5462962962962963 0.06666666666666667 0.03148148148148148
0 0.6847222222222222 0.6537037037037037 0.043055555555555555 0.037037037037037035
0 0.5833333333333334 0.6537037037037037 0.041666666666666664 0.022222222222222223
