0 0.8430555555555556 0.1537037037037037 0.3111111111111111 0.16666666666666666
0 0.525 0.37407407407407406 0.35 0.08148148148148149
0 0.45555555555555555 0.48148148148148145 0.20416666666666666 0.05740740740740741
0 0.0763888888888889 0.4 0.14583333333333334 0.14444444444444443
0 0.2125 0.5314814814814814 0.1388888888888889 0.06111111111111111
0 0.9569444444444445 0.3425925925925926 0.08333333333333333 0.06851851851851852
0 0.8513888888888889 0.4148148148148148 0.13055555555555556 0.044444444444444446
0 0.7875 0.4703703703703704 0.08055555555555556 0.046296296296296294
0 0.6111111111111112 0.45740740740740743 0.09583333333333334 0.07407407407407407
0 0.4305555555555556 0.5462962962962963 0.06666666666666667 0.03148148148148148
0 0.3138888888888889 0.6537037037037037 0.043055555555555555 0.037037037037037035
0 0.4166666666666667 0.6537037037037037 0.041666666666666664 0.022222222222222223
