0 0.15555555555555556 0.15694444444444444 0.16666666666666666 0.3111111111111111
0 0.37592592592592594 0.475 0.08148148148148149 0.35
0 0.48333333333333334 0.5430555555555555 0.05740740740740741 0.20416666666666666
0 0.40185185185185185 0.9222222222222223 0.14444444444444443 0.14583333333333334
0 0.5333333333333333 0.7875 0.06111111111111111 0.1388888888888889
0 0.34444444444444444 0.043055555555555555 0.06851851851851852 0.08333333333333333
0 0.4166666666666667 0.1486111111111111 0.044444444444444446 0.13055555555555556
0 0.4722222222222222 0.2125 0.046296296296296294 0.08055555555555556
0 0.45925925925925926 0.3875 0.07407407407407407 0.09583333333333334
0 0.5481481481481482 0.5694444444444444 0.03148148148148148 0.06666666666666667
0 0.6555555555555556 0.6847222222222222 0.037037037037037035 0.043055555555555555
0 0.6555555555555556 0.5833333333333334 0.022222222222222223 0.041666666666666664
