0 0.3781818181818182 0.9016393442622951 0.16363636363636364 0.14754098360655737
0 0.13818181818181818 0.7486338797814208 0.2509090909090909 0.28415300546448086
0 0.48363636363636364 0.6557377049180327 0.20363636363636364 0.19672131147540983
0 0.7890909090909091 0.5901639344262295 0.3927272727272727 0.20765027322404372
0 0.4727272727272727 0.4972677595628415 0.13090909090909092 0.12568306010928962
0 0.3418181818181818 0.6065573770491803 0.13090909090909092 0.09289617486338798
0 0.2290909090909091 0.5409836065573771 0.11272727272727273 0.09289617486338798
0 0.10909090909090909 0.5737704918032787 0.11272727272727273 0.11475409836065574
0 0.10909090909090909 0.4644808743169399 0.11272727272727273 0.12568306010928962
0 0.07272727272727272 0.37158469945355194 0.08 0.10382513661202186
0 0.32 0.4262295081967213 0.1709090909090909 0.11475409836065574
0 0.5418181818181819 0.37158469945355194 0.13454545454545455 0.04918032786885246
0 0.5890909090909091 0.41530054644808745 0.11272727272727273 0.060109289617486336
0 0.44 0.2896174863387978 0.12363636363636364 0.060109289617486336
0 0.44727272727272727 0.33879781420765026 0.08363636363636363 0.04918032786885246
0 0.6218181818181818 0.2677595628415301 0.17454545454545456 0.07103825136612021
0 0.5781818181818181 0.21311475409836064 0.16 0.07103825136612021
0 0.8363636363636363 0.3005464480874317 0.14909090909090908 0.04918032786885246
0 0.8290909090909091 0.39344262295081966 0.09090909090909091 0.03825136612021858
0 0.7818181818181819 0.2459016393442623 0.10181818181818182 0.04918032786885246
0 0.850909090909091 0.20218579234972678 0.07272727272727272 0.0273224043715847
0 0.5781818181818181 0.15300546448087432 0.24 0.09289617486338798
0 0.5272727272727272 0.09836065573770492 0.11272727272727273 0.04918032786885246
0 0.8109090909090909 0.14207650273224043 0.14181818181818182 0.07103825136612021
0 0.88 0.07650273224043716 0.12363636363636364 0.03825136612021858
0 0.7709090909090909 0.08743169398907104 0.06181818181818182 0.04918032786885246
0 0.6290909090909091 0.08743169398907104 0.08363636363636363 0.07103825136612021
0 0.44 0.18032786885245902 0.06181818181818182 0.04918032786885246
