0 0.6181818181818182 0.9016393442622951 0.16 0.14207650273224043
0 0.8581818181818182 0.7431693989071039 0.24727272727272728 0.2786885245901639
0 0.5127272727272727 0.6502732240437158 0.2 0.1912568306010929
0 0.20727272727272728 0.5846994535519126 0.3890909090909091 0.20218579234972678
0 0.5236363636363637 0.4972677595628415 0.12727272727272726 0.12021857923497267
0 0.6545454545454545 0.6065573770491803 0.12727272727272726 0.08743169398907104
0 0.7672727272727272 0.5409836065573771 0.10909090909090909 0.08743169398907104
0 0.8872727272727273 0.5737704918032787 0.10909090909090909 0.1092896174863388
0 0.8872727272727273 0.4644808743169399 0.10909090909090909 0.12021857923497267
0 0.9236363636363636 0.37158469945355194 0.07636363636363637 0.09836065573770492
0 0.6763636363636364 0.4262295081967213 0.16727272727272727 0.1092896174863388
0 0.45454545454545453 0.37158469945355194 0.13090909090909092 0.04371584699453552
0 0.4072727272727273 0.41530054644808745 0.10909090909090909 0.0546448087431694
0 0.5563636363636364 0.2896174863387978 0.12 0.0546448087431694
0 0.5490909090909091 0.33879781420765026 0.08 0.04371584699453552
0 0.37454545454545457 0.2677595628415301 0.1709090909090909 0.06557377049180328
0 0.41818181818181815 0.21311475409836064 0.15636363636363637 0.06557377049180328
0 0.16 0.3005464480874317 0.14545454545454545 0.04371584699453552
0 0.16727272727272727 0.39344262295081966 0.08727272727272728 0.03278688524590164
0 0.21454545454545454 0.2459016393442623 0.09818181818181818 0.04371584699453552
0 0.14545454545454545 0.20218579234972678 0.06909090909090909 0.02185792349726776
0 0.41818181818181815 0.15300546448087432 0.23636363636363636 0.08743169398907104
0 0.4690909090909091 0.09836065573770492 0.10909090909090909 0.04371584699453552
0 0.18545454545454546 0.14207650273224043 0.13818181818181818 0.06557377049180328
0 0.11636363636363636 0.07650273224043716 0.12 0.03278688524590164
0 0.22545454545454546 0.08743169398907104 0.05818181818181818 0.04371584699453552
0 0.36727272727272725 0.08743169398907104 0.08 0.06557377049180328
0 0.5563636363636364 0.18032786885245902 0.05818181818181818 0.04371584699453552
