0 0.09289617486338798 0.6181818181818182 0.14754098360655737 0.16363636363636364
0 0.25136612021857924 0.8581818181818182 0.28415300546448086 0.2509090909090909
0 0.3442622950819672 0.5163636363636364 0.19672131147540983 0.20363636363636364
0 0.4098360655737705 0.2109090909090909 0.20765027322404372 0.3927272727272727
0 0.4972677595628415 0.5272727272727272 0.12568306010928962 0.13090909090909092
0 0.3879781420765027 0.6581818181818182 0.09289617486338798 0.13090909090909092
0 0.453551912568306 0.7672727272727272 0.09289617486338798 0.11272727272727273
0 0.4207650273224044 0.8872727272727273 0.11475409836065574 0.11272727272727273
0 0.5300546448087432 0.8872727272727273 0.12568306010928962 0.11272727272727273
0 0.6229508196721312 0.9272727272727272 0.10382513661202186 0.08
0 0.5683060109289617 0.6763636363636364 0.11475409836065574 0.1709090909090909
0 0.6229508196721312 0.45454545454545453 0.04918032786885246 0.13454545454545455
0 0.5792349726775956 0.4072727272727273 0.060109289617486336 0.11272727272727273
0 0.7049180327868853 0.56 0.060109289617486336 0.12363636363636364
0 0.6557377049180327 0.5490909090909091 0.04918032786885246 0.08363636363636363
0 0.726775956284153 0.3781818181818182 0.07103825136612021 0.17454545454545456
0 0.7814207650273224 0.4218181818181818 0.07103825136612021 0.16
0 0.6939890710382514 0.16 0.04918032786885246 0.14909090909090908
0 0.6010928961748634 0.16727272727272727 0.03825136612021858 0.09090909090909091
0 0.7486338797814208 0.21818181818181817 0.04918032786885246 0.10181818181818182
0 0.7923497267759563 0.14909090909090908 0.0273224043715847 0.07272727272727272
0 0.8415300546448088 0.4218181818181818 0.09289617486338798 0.24
0 0.8961748633879781 0.4690909090909091 0.04918032786885246 0.11272727272727273
0 0.8524590163934426 0.18545454545454546 0.07103825136612021 0.14181818181818182
0 0.9180327868852459 0.12 0.03825136612021858 0.12363636363636364
0 0.907103825136612 0.22545454545454546 0.04918032786885246 0.06181818181818182
0 0.907103825136612 0.36727272727272725 0.07103825136612021 0.08363636363636363
0 0.8142076502732241 0.5563636363636364 0.04918032786885246 0.06181818181818182
